29
44
79
193
268
286
371
381
424
482
507
537
538
551
612
630
728
776
781
790
805
823
836
838
893
894
941
943
983
1003
1040
1046
1049
1063
1065
1067
1110
1220
1279
1298
1421
1431
1452
1460
1472
1486
1493
1577
1615
1630
1697
1733
1764
1772
1809
1906
1924
1939
2002
2007
2039
2057
2087
2239
2242
2285
2295
2315
2327
2373
2426
2487
2538
2565
2602
2603
2612
2626
2700
2754
2760
2786
2813
2820
2942
2988
3001
3032
3055
3112
3116
3175
3197
3224
3250
3473
3566
3571
3616
3659
3684
3729
3987
3993
3997
4041
4079
4097
4101
4103
4108
4132
4137
4154
4175
4205
4269
4296
4321
4336
4380
4389
4430
4434
4451
4467
4509
4517
4518
4590
4596
4642
4677
4693
4697
4724
4745
4746
4877
4881
4882
4910
4944
4949
4952
5004
5059
5067
5076
5106
5210
5216
5275
5287
5299
5301
5327
5356
5376
5389
5405
5434
5440
5460
5503
5538
5582
5600
5626
5627
5635
5652
5672
5689
5697
5714
5721
5729
5759
5807
5862
5965
6017
6061
6075
6125
6126
6136
6200
6207
6264
6277
6288
6381
6394
6516
6560
6633
6684
6737
6746
6772
6780
6783
6784
6813
6853
6875
6913
6957
6992
7053
7071
7090
7124
7137
7181
7241
7254
7260
7305
7413
7449
7456
7479
7530
7565
7567
7670
7679
7688
7771
7867
7874
7892
7893
7894
7898
7934
7936
7960
7968
7977
7994
7997
7999
8074
8129
8170
8226
8263
8377
8401
8412
8413
8436
8476
8563
8571
8576
8596
8653
8661
8670
8699
8703
8739
8766
8783
8788
8889
8891
8936
8973
9035
9085
9096
9127
9137
9165
9217
9233
9286
9364
9411
9463
9479
9481
9548
9581
9597
9763
9772
9779
9805
9824
9888
9907
9965
9981
10031
10091
10094
10128
10131
10153
10210
10245
10253
10285
10295
10299
10307
10313
10337
10356
10390
10404
10426
10444
10473
10528
10594
10617
10619
10624
10644
10695
10708
10722
10794
10833
10967
11006
11064
11077
11118
11154
11162
11195
11207
11253
11254
11263
11309
11310
11361
11381
11457
11471
11491
11501
11538
11638
11696
11701
11704
11734
11743
11818
11838
11887
11889
11891
11947
11960
11998
12003
12025
12035
12077
12099
12117
12204
12207
12311
12358
12402
12411
12444
12468
12482
12684
12785
12834
12895
12933
12942
13265
13276
13280
13281
13349
13421
13461
13480
13509
13510
13511
13533
13579
13584
13591
13593
13654
13719
13730
13768
13793
13813
13852
13892
13962
13980
13996
14056
14061
14135
14165
14174
14198
14236
14289
14295
14340
14459
14532
14560
14565
14567
14575
14627
14638
14667
14678
14713
14719
14772
14778
14785
14807
14899
14905
14910
14938
14967
14981
15057
15114
15189
15229
15241
15252
15307
15323
15361
15371
15403
15409
15414
15464
15498
15524
15544
15585
15599
15647
15658
15670
15719
15721
15735
15741
15743
15754
15798
15801
15843
15850
15864
15887
15910
16043
16071
16152
16247
16249
16255
16256
16295
16302
16304
16338
16393
16426
16439
16466
16600
16661
16720
16781
16803
16838
16861
16883
16904
16965
16989
17006
17069
17086
17140
17149
17174
17205
17257
17284
17303
17306
17383
17402
17437
17455
17490
17506
17529
17533
17534
17685
17704
17715
17717
17727
17757
17810
17845
17862
17904
17929
17968
18010
18063
18092
18109
18116
18125
18183
18239
18262
18286
18305
18324
18373
18375
18380
18384
18388
18543
18591
18825
18852
19018
19125
19139
19142
19144
19154
19160
19163
19167
19172
19184
19215
19227
19283
19284
19321
19345
19349
19367
19385
19399
19412
19421
19446
19448
19465
19496
19503
19582
19623
19649
19679
19684
19688
19689
19744
19758
19770
19839
19881
19890
19918
19960
19981
19988
20016
20064
20080
20103
20119
20126
20128
20136
20155
20172
20246
20312
20328
20390
20405
20438
20451
20461
20509
20516
20667
20677
20688
20707
20711
20797
20798
20822
20825
20838
20916
20917
21003
21052
21101
21170
21217
21267
21329
21337
21408
21412
21413
21432
21458
21516
21546
21559
21579
21615
21625
21666
21734
21735
21813
21855
21920
21936
21970
21990
22031
22127
22138
22247
22334
22411
22497
22527
22592
22600
22624
22635
22637
22741
22770
22813
22825
22870
22873
22927
22995
23017
23036
23184
23199
23203
23254
23358
23375
23469
23488
23531
23563
23580
23597
23613
23643
23655
23663
23689
23700
23725
23738
23824
23845
23869
23885
23914
23918
23933
23999
24025
24047
24066
24080
24145
24169
24170
24207
24325
24328
24357
24545
24551
24556
24585
24622
24623
24647
24663
24717
24782
24802
24827
24851
24861
24871
24878
25025
25064
25071
25108
25118
25166
25206
25247
25265
25302
25303
25308
25312
25341
25377
25392
25399
25418
25450
25528
25569
25607
25622
25634
25637
25641
25646
25731
25765
25768
25812
25900
25919
25950
25955
25965
26054
26060
26081
26091
26267
26293
26344
26374
26388
26410
26436
26448
26523
26629
26642
26686
26717
26721
26744
26747
26871
26882
26896
26910
26948
26975
26992
27008
27028
27040
27053
27107
27128
27138
27180
27227
27251
27313
27374
27402
27425
27442
27455
27475
27483
27485
27521
27524
27598
27605
27627
27640
27650
27652
27658
27696
27698
27700
27720
27739
27748
27827
27840
27849
27884
27887
27908
27998
28057
28088
28095
28096
28103
28113
28152
28186
28217
28261
28265
28286
28302
28340
28412
28428
28465
28480
28491
28505
28513
28527
28532
28535
28628
28642
28668
28730
28735
28746
28754
28790
28838
28892
28921
28930
28960
28980
28989
29017
29068
29087
29122
29188
29297
29306
29366
29384
29417
29430
29442
29468
29469
29498
29499
29528
29532
29577
29582
29602
29629
29772
29788
29840
29856
29898
29926
29950
29965
29985
30003
30046
30056
30109
30111
30122
30133
30158
30193
30221
30238
30248
30283
30317
30326
30373
30378
30385
30408
30421
30444
30454
30556
30607
30650
30675
30694
30745
30788
30922
30944
30945
30952
30971
30980
30981
31065
31089
31143
31173
31364
31371
31395
31408
31411
31412
31460
31467
31474
31542
31552
31667
31685
31832
31884
31911
31978
32055
32064
32070
32071
32090
32096
32127
32162
32194
32229
32233
32354
32418
32421
32425
32471
32479
32488
32540
32545
32612
32629
32678
32692
32708
32776
32821
32902
32940
32970
32980
32981
32987
33048
33051
33084
33106
33120
33126
33127
33156
33170
33176
33269
33275
33286
33315
33445
33485
33557
33570
33596
33604
33630
33656
33660
33693
33729
33749
33771
33812
33817
33881
33890
33892
33916
33947
33962
33986
33994
34063
34201
34236
34263
34275
34369
34390
34420
34479
34482
34505
34520
34618
34658
34692
34721
34722
34727
34769
34783
34818
34891
34944
34955
34966
34978
35014
35046
35059
35120
35124
35156
35187
35276
35314
35341
35350
35429
35495
35500
35502
35526
35567
35628
35660
35772
35795
35823
35836
35876
35906
35966
36169
36181
36230
36254
36320
36335
36345
36381
36382
36431
36439
36529
36541
36583
36597
36614
36649
36656
36725
36816
36821
36925
36991
36996
37055
37081
37149
37183
37267
37462
37486
37534
37602
37645
37651
37674
37684
37858
37938
37942
38054
38119
38228
38285
38317
38346
38384
38405
38425
38641
38676
38685
38727
38771
38773
38935
38942
38953
39154
39257
39313
39321
39328
39363
39433
39436
39443
39554
39560
39564
39696
39713
39721
39726
39762
39786
39792
39804
39840
39843
39866
39913
39975
40019
40045
40103
40104
40172
40235
40286
40288
40410
40439
40478
40481
40482
40505
40627
40640
40670
40703
40714
40739
40796
40815
40857
40863
40926
40952
40963
41050
41058
41064
41065
41087
41213
41238
41263
41277
41294
41335
41350
41370
41400
41461
41527
41538
41553
41558
41571
41606
41614
41644
41659
41743
41750
41887
41891
41964
42059
42070
42132
42175
42188
42258
42291
42305
42315
42389
42418
42430
42466
42576
42588
42596
42597
42620
42624
42631
42699
42740
42749
42751
42834
42856
42870
42972
42984
43009
43055
43158
43160
43182
43198
43257
43267
43313
43347
43366
43395
43400
43458
43488
43491
43496
43512
43526
43549
43598
43616
43675
43738
43876
43888
43915
43957
43975
44030
44053
44054
44206
44229
44262
44268
44274
44290
44296
44328
44378
44393
44411
44416
44486
44514
44525
44583
44598
44618
44659
44766
44782
44800
44802
44828
44843
44861
44879
44884
44916
44981
45027
45029
45081
45092
45133
45154
45186
45187
45189
45215
45235
45264
45273
45288
45334
45355
45366
45412
45446
45525
45547
45552
45601
45654
45669
45714
45787
45818
45835
45869
45879
45925
45941
45947
45998
46065
46074
46095
46108
46142
46264
46283
46297
46341
46378
46414
46461
46483
46543
46554
46576
46577
46627
46633
46655
46678
46712
46773
46791
46798
46804
46844
46892
46909
46933
46942
46967
46979
46987
46991
46996
47001
47019
47022
47028
47072
47163
47168
47197
47302
47434
47457
47458
47478
47545
47626
47644
47653
47671
47681
47712
47802
47809
47945
47949
47960
48009
48072
48107
48113
48182
48261
48287
48374
48416
48487
48516
48522
48562
48587
48591
48599
48613
48751
48788
48875
48883
48892
48934
48953
48976
48992
49004
49006
49026
49031
49063
49080
49097
49113
49134
49156
49220
49244
49277
49299
49330
49481
49506
49549
49588
49644
49652
49712
49731
49744
49773
49789
50013
50017
50025
50035
50049
50081
50139
50193
50207
50224
50230
50248
50279
50305
50312
50365
50376
50460
50461
50509
50544
50551
50617
50620
50622
50636
50665
50703
50740
50746
50787
50800
50949
50953
51039
51104
51107
51126
51159
51172
51183
51239
51267
51273
51292
51346
51362
51408
51414
51422
51423
51467
51482
51542
51584
51624
51654
51679
51697
51762
51819
51825
51892
51897
51903
51960
52043
52094
52105
52169
52182
52189
52323
52374
52377
52380
52434
52492
52493
52507
52620
52626
52629
52691
52747
52898
52955
53062
53090
53246
53248
53265
53297
53328
53376
53378
53380
53401
53513
53557
53612
53623
53624
53626
53659
53667
53679
53753
53814
53824
53833
53877
53887
53905
53925
53927
53938
53944
53963
54021
54040
54083
54107
54169
54191
54193
54209
54234
54318
54338
54390
54531
54537
54567
54627
54638
54647
54683
54687
54720
54815
54884
54887
54925
54948
55016
55117
55128
55142
55152
55171
55261
55267
55278
55295
55320
55321
55352
55356
55376
55408
55426
55439
55512
55603
55636
55662
55676
55705
55721
55725
55726
55769
55907
55953
55962
55976
55978
55992
55998
56009
56019
56127
56222
56275
56284
56429
56431
56443
56466
56472
56495
56586
56621
56707
56738
56806
56808
56840
56843
56844
56845
56877
56995
57029
57071
57138
57141
57215
57240
57250
57278
57291
57396
57449
57454
57461
57481
57493
57563
57583
57585
57590
57604
57715
57716
57902
57909
57942
57953
57955
58047
58063
58130
58150
58194
58214
58248
58252
58352
58365
58395
58420
58522
58527
58539
58543
58709
58727
58767
58805
58836
58846
58849
58901
58970
59022
59028
59062
59116
59128
59171
59186
59188
59225
59319
59359
59370
59400
59411
59454
59460
59464
59523
59582
59584
59589
59595
59609
59678
59680
59720
59738
59750
59765
59807
59814
59912
59918
59971
59983
59996
60008
60035
60073
60083
60089
60101
60108
60236
60289
60297
60304
60339
60388
60393
60529
60612
60624
60667
60700
60712
60775
60782
60806
60816
60822
60854
60865
60891
60928
60978
60988
61040
61078
61084
61104
61126
61182
61222
61258
61274
61298
61304
61342
61348
61383
61387
61403
61449
61477
61522
61524
61538
61540
61600
61642
61703
61769
61778
61784
61836
61922
61939
61964
61978
62000
62021
62044
62055
62107
62119
62139
62196
62223
62245
62338
62339
62408
62454
62477
62484
62522
62525
62586
62683
62728
62732
62812
62828
62832
62835
62900
62996
63005
63040
63113
63116
63149
63157
63208
63298
63302
63319
63359
63399
63419
63432
63548
63588
63593
63613
63625
63666
63674
63711
63814
63846
63860
63885
63886
63923
63931
63958
63963
63964
64044
64092
64107
64162
64182
64191
64204
64222
64223
64233
64258
64315
64323
64335
64369
64404
64431
64636
64641
64710
64718
64721
64765
64778
64839
64846
64851
64945
64975
65012
65058
65136
65137
65179
65186
65207
65472
65570
65585
65590
65664
65669
65673
65723
65726
65728
65762
65781
65806
65807
65809
65826
65853
65931
65988
66030
66115
66117
66127
66172
66177
66247
66267
66304
66421
66448
66452
66473
66501
66570
66587
66764
66877
66892
66896
66905
66952
66957
66992
67041
67042
67053
67066
67107
67121
67126
67153
67203
67211
67245
67257
67258
67296
67333
67334
67348
67361
67369
67391
67496
67507
67510
67611
67641
67644
67671
67675
67722
67737
67745
67754
67794
67801
67806
67849
67861
67873
67874
67912
67983
68075
68087
68105
68117
68131
68158
68190
68216
68278
68294
68309
68311
68397
68440
68461
68465
68510
68513
68557
68563
68621
68627
68640
68746
68747
68767
68834
68838
68902
68913
68995
69029
69061
69102
69155
69165
69225
69244
69291
69305
69310
69312
69330
69353
69440
69443
69447
69505
69584
69585
69600
69612
69639
69643
69722
69736
69746
69780
69789
69826
69868
69944
69969
70053
70113
70114
70123
70189
70232
70251
70274
70403
70436
70466
70486
70540
70555
70625
70679
70685
70697
70699
70711
70713
70730
70769
70803
70821
70823
70837
70842
70899
70902
70934
70964
71033
71036
71077
71091
71151
71166
71199
71207
71259
71291
71366
71457
71458
71460
71476
71621
71636
71640
71668
71674
71719
71841
71887
71934
71938
71952
72011
72012
72039
72089
72123
72179
72188
72195
72219
72293
72348
72361
72369
72382
72425
72563
72613
72782
72803
72822
72842
72861
72938
72951
72957
72960
72972
72997
73027
73086
73128
73271
73275
73292
73296
73302
73309
73313
73320
73365
73476
73487
73513
73555
73642
73644
73647
73672
73699
73714
73818
73865
73870
73908
73915
73931
73949
73951
73954
74011
74021
74058
74067
74163
74164
74244
74285
74310
74315
74338
74375
74409
74413
74442
74465
74517
74522
74570
74575
74591
74638
74687
74721
74733
74880
74892
74928
74931
74940
74946
74961
75006
75007
75036
75044
75052
75134
75149
75210
75241
75265
75279
75282
75325
75329
75341
75349
75357
75366
75382
75398
75424
75430
75434
75439
75450
75503
75561
75598
75659
75693
75694
75708
75714
75722
75726
75785
75861
75864
75885
75924
75982
76041
76061
76077
76163
76190
76191
76197
76211
76218
76224
76235
76280
76316
76332
76343
76392
76430
76485
76510
76532
76595
76622
76629
76695
76703
76713
76716
76747
76748
76756
76769
76778
76811
76833
76844
76845
76884
76896
76897
76907
76946
76948
76962
76970
76993
77009
77012
77023
77026
77085
77093
77131
77154
77163
77184
77281
77331
77337
77395
77421
77495
77574
77601
77667
77740
77755
77809
77860
77900
77940
77966
77968
78019
78044
78097
78112
78168
78221
78318
78336
78386
78403
78434
78496
78500
78515
78519
78542
78590
78616
78640
78708
78724
78741
78759
78763
78817
78853
78923
78926
78947
78985
79009
79032
79035
79036
79041
79062
79084
79089
79108
79128
79210
79315
79329
79361
79364
79425
79438
79445
79473
79544
79552
79565
79568
79571
79581
79630
79637
79648
79754
79811
79823
79827
79840
79848
79873
79893
79895
79986
80022
80094
80095
80126
80132
80150
80201
80203
80205
80211
80286
80295
80405
80423
80493
80494
80502
80510
80514
80594
80679
80704
80709
80801
80819
80904
80934
81023
81025
81027
81069
81077
81166
81171
81267
81306
81335
81345
81347
81397
81437
81482
81519
81530
81532
81536
81557
81619
81691
81692
81720
81754
81827
81829
81909
81914
81916
81969
81979
81986
81990
81995
82013
82185
82203
82226
82253
82259
82261
82279
82287
82300
82302
82308
82318
82395
82403
82488
82520
82547
82551
82592
82632
82699
82747
82755
82777
82805
82814
82825
82897
82956
82972
83006
83105
83148
83211
83223
83230
83251
83329
83338
83341
83347
83356
83399
83403
83460
83461
83516
83520
83570
83633
83686
83728
83783
83815
83945
83947
83961
83978
84055
84069
84126
84136
84200
84211
84222
84223
84293
84345
84387
84397
84428
84433
84462
84509
84547
84581
84709
84734
84766
84773
84824
84825
84863
84894
84981
85032
85113
85114
85137
85151
85171
85207
85223
85241
85307
85388
85455
85486
85506
85509
85517
85552
85625
85656
85714
85729
85747
85762
85798
85847
85851
85880
85882
85898
85901
85903
85926
85944
85952
85953
85978
85999
86020
86021
86034
86099
86141
86144
86148
86155
86205
86269
86292
86357
86377
86413
86425
86454
86468
86575
86579
86586
86615
86628
86659
86671
86744
86750
86788
86794
86812
86881
86955
86968
86982
87042
87102
87241
87255
87275
87296
87331
87356
87368
87384
87436
87479
87480
87507
87508
87585
87607
87667
87717
87733
87892
87898
87940
87943
87968
88032
88138
88139
88154
88161
88198
88212
88240
88241
88344
88361
88463
88476
88520
88521
88576
88616
88635
88663
88690
88698
88709
88738
88761
88803
88804
88824
88909
88960
88975
88990
89006
89020
89034
89047
89056
89106
89166
89184
89202
89215
89293
89326
89370
89391
89408
89411
89425
89439
89477
89554
89601
89608
89642
89696
89730
89746
89904
89934
89988
90006
90034
90045
90070
90100
90102
90138
90192
90226
90249
90252
90269
90275
90292
90298
90300
90344
90437
90445
90456
90482
90485
90486
90498
90524
90578
90583
90657
90691
90718
90750
90822
90825
90833
90842
90897
90904
90930
90950
90974
90981
91010
91058
91063
91064
91121
91141
91210
91268
91300
91383
91407
91429
91439
91444
91499
91539
91572
91592
91789
91798
91849
91891
91934
91973
91988
91994
92003
92059
92083
92096
92146
92185
92236
92260
92262
92310
92382
92437
92526
92569
92617
92666
92679
92700
92717
92719
92726
92728
92741
92744
92771
92883
92902
92912
92942
92960
92962
92979
92992
93048
93072
93077
93080
93090
93208
93258
93410
93458
93506
93520
93531
93653
93667
93752
93758
93814
93861
93867
93876
93890
93940
93987
94012
94024
94120
94125
94189
94192
94234
94319
94443
94455
94459
94492
94552
94561
94609
94613
94625
94652
94683
94725
94741
94776
94882
94950
94951
94980
95022
95029
95050
95075
95118
95127
95160
95175
95194
95201
95275
95277
95306
95333
95338
95354
95360
95389
95470
95471
95619
95636
95659
95721
95744
95745
95871
95895
95994
95998
96023
96088
96128
96155
96203
96207
96221
96326
96331
96341
96374
96390
96403
96452
96470
96516
96566
96626
96635
96784
96870
96873
96877
96899
96927
96944
96968
96997
97016
97070
97091
97100
97142
97184
97212
97231
97277
97367
97377
97399
97437
97466
97472
97516
97736
97786
97807
97866
97905
97910
97984
98119
98152
98195
98227
98239
98262
98290
98359
98386
98390
98414
98427
98439
98451
98469
98514
98563
98600
98678
98774
98877
98925
99043
99050
99063
99064
99066
99075
99076
99110
99155
99172
99190
99212
99235
99249
99301
99340
99365
99423
99428
99464
99558
99572
99605
99613
99648
99652
99669
99694
99700
99701
99756
99763
99787
99818
99821
99882
99920
99928
99965
99970
99978